00000000000000000000000000000000
00000000000000000000000000000000
00000000000000000000000000000000
00000000000000000000000000000000
00000000000000000000000000000000
00000000000000000000000000000000
00000000000000000000000000000000
00000000000000000000000000000000
00000000000000000000000000000000
00000000000000000000000000000000
00000000000000000000000000000000
00000000000000000010001000101010
00010010000001100001011000000100
00100100000111100010111000011101
00000000000000000000000000000000
00000000000000000000000000001010
00000000000000000000000000000000
00000000000001000100000000000000
00000000000000000010001000101010
10111010000001100001011100010110
00111001011011100110111000100101
11001001010001110000101111000110
11111010110110000110000000001011
01100100101010011110110001001001
00111100001111100111010000101111
11001011101101001101011011100100
00001011001011100001000100011100
10111010111100000110110001010101
01011011010010010010000111011000
01011010100001010110010001100101
00101101011011100110000011001111
01011010111001110001101110000100
11011000001010100111111111100111
11010110011000001111010100000110
11101011000110110000110001011011
01010000001110111100000111110010
11010001110110111111110111110101
10100000001101010001101111110110
10111100011111011101011100110011
00110000011101100111001011101100
01001001010010001110000110010101
01101011001011000000001110110010
01101111100100101011011010110001
00000010001010111011111011100111
10100010000100001010110101001001
11000011011110000000001011011010
01100110000100100111000100011010
11110000100000111101000111110101
11100100001011111110100111000010
01000010100011111011111110110001
00010110000000101000110001011101
00101001011100000101011001100111
01101100101100000000101101110101
00101101011110000110100011101010
11110100101001100000111110011001
01101001111010000100100101011010
10111011001110101101000101000100
01110001010010111011110001001001
11101101100111111111000110010001
11000100111000011110101100110110
10000011101010100000001100110011
00100101001100111000100001001110
00010011011001100001011101010001
11000100001000110101100111110110
